CreateDynamicObject(8419, 2030.66003, -2025.78003, 855.53003,   0.00000, 0.00000, 0.00000);
CreateDynamicObject(8419, 2068.26001, -2028.54004, 881.00000,   -2.00000, -90.00000, 0.00000);
CreateDynamicObject(19460, 2045.81006, -2038.81995, 868.90002,   0.00000, 0.00000, 92.00000);
CreateDynamicObject(19460, 2053.56006, -2029.13000, 868.90002,   0.00000, 0.00000, 92.00000);
CreateDynamicObject(19460, 2041.06006, -2029.53003, 868.90002,   0.00000, 0.00000, 92.00000);
CreateDynamicObject(19396, 2051.47998, -2038.62000, 868.91998,   0.00000, 0.00000, 92.00000);
CreateDynamicObject(19460, 2053.83008, -2049.76001, 868.90002,   0.00000, 0.00000, 92.00000);
CreateDynamicObject(19460, 2044.47998, -2050.05005, 868.90002,   0.00000, 0.00000, 92.00000);
CreateDynamicObject(19396, 2047.31006, -2029.33997, 868.91998,   0.00000, 0.00000, 92.00000);
CreateDynamicObject(19460, 2043.67004, -2038.89001, 868.90002,   0.00000, 0.00000, 92.00000);
CreateDynamicObject(19460, 2040.91003, -2050.17993, 868.90002,   0.00000, 0.00000, 92.00000);
CreateDynamicObject(19460, 2036.43005, -2045.63000, 868.90002,   0.00000, 0.00000, 0.00000);
CreateDynamicObject(19460, 2036.40002, -2037.51001, 868.90002,   0.00000, 0.00000, 0.00000);
CreateDynamicObject(19396, 2036.41003, -2031.28003, 868.91998,   0.00000, 0.00000, 0.00000);
CreateDynamicObject(19396, 2037.79004, -2039.05005, 868.91998,   0.00000, 0.00000, 92.00000);
CreateDynamicObject(19460, 2056.54004, -2033.71997, 868.90002,   0.00000, 0.00000, 0.00000);
CreateDynamicObject(19460, 2056.45996, -2043.28003, 868.90002,   0.00000, 0.00000, 0.00000);
CreateDynamicObject(19460, 2057.67993, -2038.41003, 868.90002,   0.00000, 0.00000, 92.00000);
CreateDynamicObject(1569, 2056.47998, -2035.15002, 867.25000,   0.00000, 0.02000, 91.94000);
CreateDynamicObject(1569, 2056.47998, -2032.15002, 867.25000,   0.00000, 0.00000, -94.00000);
CreateDynamicObject(1892, 2056.00000, -2034.90002, 867.25000,   0.00000, 0.00000, 91.00000);
CreateDynamicObject(1892, 2055.97998, -2033.31006, 867.25000,   0.00000, 0.00000, 90.00000);
CreateDynamicObject(19377, 2052.08008, -2034.00000, 870.40997,   0.00000, 91.00000, 0.00000);
CreateDynamicObject(19377, 2042.54004, -2033.97998, 870.56000,   0.00000, 90.00000, 0.00000);
CreateDynamicObject(19377, 2041.26001, -2042.82996, 870.59003,   0.00000, 90.00000, 0.00000);
CreateDynamicObject(19377, 2051.48999, -2042.96997, 870.42999,   0.00000, 90.00000, 0.00000);
CreateDynamicObject(19377, 2051.65991, -2046.70996, 870.40997,   0.00000, 91.00000, 0.00000);
CreateDynamicObject(19377, 2041.01001, -2034.01001, 870.54999,   0.00000, 90.00000, 0.00000);
CreateDynamicObject(19377, 2041.10999, -2045.56006, 870.57001,   0.00000, 91.00000, 2.00000);
CreateDynamicObject(2922, 2050.50000, -2038.52002, 868.51001,   0.00000, 0.00000, 0.00000);
CreateDynamicObject(2922, 2048.39990, -2029.40002, 868.79999,   0.00000, 0.00000, 173.00000);
CreateDynamicObject(19460, 2056.53003, -2048.55005, 868.90002,   0.00000, 0.00000, 0.00000);
CreateDynamicObject(19435, 2045.63000, -2040.60999, 867.95001,   0.00000, -90.00000, 89.00000);
CreateDynamicObject(19462, 2045.93994, -2043.55005, 866.25000,   0.00000, 0.00000, 0.00000);
CreateDynamicObject(19435, 2045.58997, -2044.06006, 867.95001,   0.00000, -90.00000, 89.00000);
CreateDynamicObject(19435, 2045.52002, -2047.42004, 867.95001,   0.00000, -90.00000, 89.00000);
CreateDynamicObject(19435, 2045.48999, -2049.48999, 867.95001,   0.00000, -90.00000, 89.00000);
CreateDynamicObject(19462, 2045.92004, -2050.05005, 866.25000,   0.00000, 0.00000, 0.00000);
CreateDynamicObject(3857, 2045.75000, -2042.56995, 867.78003,   0.00000, 0.00000, -45.00000);
CreateDynamicObject(3857, 2045.73999, -2048.42993, 867.66998,   0.00000, 0.00000, -45.00000);
CreateDynamicObject(19414, 2045.68005, -2040.23999, 868.82001,   0.00000, 0.00000, 0.00000);
CreateDynamicObject(19414, 2045.71997, -2043.34998, 868.82001,   0.00000, 0.00000, 0.00000);
CreateDynamicObject(19414, 2045.68005, -2046.51001, 868.82001,   -0.20000, 0.00000, 0.00000);
CreateDynamicObject(19414, 2045.73999, -2049.04004, 868.82001,   0.00000, 0.00000, 0.00000);
CreateDynamicObject(0, 2056.62012, -2025.56995, 868.90002,   0.00000, 0.00000, 0.00000);
CreateDynamicObject(2400, 2056.57007, -2021.35999, 867.71997,   -0.32000, 0.00000, -91.00000);
CreateDynamicObject(19460, 2052.58008, -2020.93005, 868.89001,   0.00000, 0.00000, 92.00000);
CreateDynamicObject(19460, 2044.73999, -2021.23999, 868.89001,   0.00000, 0.00000, 92.00000);
CreateDynamicObject(19460, 2040.60999, -2021.93005, 868.89001,   0.00000, 0.00000, 0.00000);
CreateDynamicObject(19396, 2040.57996, -2027.84998, 868.78998,   0.00000, 0.00000, 0.00000);
CreateDynamicObject(19377, 2052.32007, -2024.96997, 870.44000,   0.00000, 91.00000, 0.00000);
CreateDynamicObject(19377, 2045.08997, -2025.58997, 870.56000,   0.00000, 90.00000, 2.00000);
CreateDynamicObject(1806, 2042.98999, -2037.26001, 867.25000,   0.00000, 0.00000, -92.00000);
CreateDynamicObject(1806, 2042.20996, -2031.21997, 867.25000,   0.00000, 0.00000, -62.00000);
CreateDynamicObject(1738, 2036.57996, -2036.35999, 867.70001,   0.00000, 0.00000, 91.00000);
CreateDynamicObject(1736, 2036.89001, -2034.93994, 870.08002,   0.00000, 0.00000, 93.00000);
CreateDynamicObject(2007, 2042.65002, -2038.35999, 867.25000,   0.00000, 0.00000, 183.00000);
CreateDynamicObject(1811, 2044.15002, -2048.95996, 867.71002,   0.00000, 0.00000, 176.00000);
CreateDynamicObject(1811, 2044.15002, -2046.10999, 867.71002,   0.00000, 0.00000, 177.00000);
CreateDynamicObject(1811, 2043.89001, -2043.06995, 867.71002,   0.00000, 0.00000, 177.00000);
CreateDynamicObject(1811, 2043.97998, -2039.87000, 867.71002,   0.00000, 0.00000, 185.00000);
CreateDynamicObject(1811, 2047.67004, -2040.18005, 867.71002,   0.00000, 0.00000, 0.00000);
CreateDynamicObject(1811, 2047.35999, -2043.27002, 867.71002,   0.00000, 0.00000, 0.00000);
CreateDynamicObject(1811, 2047.26001, -2046.32996, 867.71002,   0.00000, 0.00000, 0.00000);
CreateDynamicObject(1811, 2047.23999, -2048.79004, 867.71002,   0.00000, 0.00000, 0.00000);
CreateDynamicObject(1811, 2048.22998, -2038.13000, 867.71002,   0.00000, 0.00000, 272.00000);
CreateDynamicObject(1811, 2048.96997, -2038.12000, 867.71002,   0.00000, 0.00000, 272.00000);
CreateDynamicObject(1811, 2047.46997, -2038.20996, 867.71002,   0.00000, 0.00000, 272.00000);
CreateDynamicObject(1811, 2049.60010, -2029.75000, 867.71002,   0.00000, 0.00000, 91.00000);
CreateDynamicObject(1811, 2050.59009, -2029.72998, 867.71002,   0.00000, 0.00000, 91.00000);
CreateDynamicObject(1811, 2051.42993, -2029.73999, 867.71002,   0.00000, 0.00000, 91.00000);
CreateDynamicObject(1811, 2052.34009, -2029.72998, 867.71002,   0.00000, 0.00000, 91.00000);
CreateDynamicObject(1737, 2052.98999, -2046.59998, 867.25000,   0.00000, 0.00000, 0.00000);
CreateDynamicObject(1811, 2055.55005, -2046.64001, 867.78998,   0.00000, 0.00000, 0.00000);
CreateDynamicObject(1811, 2053.29004, -2048.02002, 867.78998,   0.00000, 0.00000, -84.00000);
CreateDynamicObject(19460, 2048.87012, -2022.22998, 868.89001,   0.00000, 0.00000, 3.00000);
CreateDynamicObject(2008, 2042.32996, -2023.67004, 867.25000,   0.00000, 0.00000, -178.00000);
CreateDynamicObject(19456, 2035.66003, -2027.04004, 868.90002,   0.00000, 0.00000, 92.00000);
CreateDynamicObject(19456, 2031.42004, -2031.57996, 868.90002,   0.00000, 0.00000, 0.00000);
CreateDynamicObject(19456, 2031.35999, -2044.37000, 868.90002,   0.00000, 0.00000, 0.00000);
CreateDynamicObject(19393, 2031.37000, -2038.01001, 868.91998,   0.00000, 0.00000, 0.00000);
CreateDynamicObject(19456, 2031.40002, -2022.42004, 868.90002,   0.00000, 0.00000, 0.00000);
CreateDynamicObject(19456, 2026.87000, -2021.13000, 868.90002,   0.00000, 0.00000, 92.00000);
CreateDynamicObject(19456, 2017.45996, -2021.48999, 868.90002,   0.00000, 0.00000, 92.00000);
CreateDynamicObject(19456, 2008.31006, -2021.83997, 868.90002,   0.00000, 0.00000, 92.00000);
CreateDynamicObject(19456, 2004.92004, -2026.42004, 868.90002,   0.00000, 0.00000, 0.00000);
CreateDynamicObject(19456, 2004.90002, -2035.43994, 868.90002,   0.00000, 0.00000, 0.00000);
CreateDynamicObject(19393, 2029.55005, -2027.20996, 868.91998,   0.00000, 0.00000, 92.00000);
CreateDynamicObject(19456, 2028.00000, -2022.46997, 868.90002,   0.00000, 0.00000, 0.00000);
CreateDynamicObject(19393, 2026.40002, -2027.29004, 868.91998,   0.00000, 0.00000, 92.00000);
CreateDynamicObject(19393, 2023.53003, -2027.39001, 868.91998,   0.00000, 0.00000, 92.00000);
CreateDynamicObject(19456, 2024.72998, -2022.50000, 868.90002,   0.00000, 0.00000, 2.00000);
CreateDynamicObject(19377, 2026.41003, -2024.50000, 870.47998,   0.00000, 90.00000, 0.00000);
CreateDynamicObject(19377, 2035.22998, -2024.37000, 870.47998,   0.00000, 90.00000, 0.00000);
CreateDynamicObject(19377, 2034.85999, -2032.66003, 870.50000,   0.00000, 91.00000, 0.00000);
CreateDynamicObject(19377, 2033.81995, -2041.79004, 870.50000,   0.00000, 91.00000, 0.00000);
CreateDynamicObject(19370, 2045.69995, -2037.17004, 866.27002,   0.00000, 0.00000, 0.00000);
CreateDynamicObject(19370, 2045.70996, -2034.31006, 866.27002,   0.00000, 0.00000, 0.00000);
CreateDynamicObject(19370, 2045.69995, -2031.12000, 866.27002,   0.00000, 0.00000, 0.00000);
CreateDynamicObject(19370, 2044.73999, -2037.03003, 866.27002,   0.00000, 0.00000, 0.00000);
CreateDynamicObject(19370, 2044.75000, -2034.06006, 866.27002,   0.00000, 0.00000, 0.00000);
CreateDynamicObject(19370, 2044.75000, -2031.18005, 866.27002,   0.00000, 0.00000, 0.00000);
CreateDynamicObject(19439, 2045.15002, -2037.02002, 867.95001,   0.00000, 90.00000, 87.00000);
CreateDynamicObject(19439, 2045.27002, -2033.68994, 867.95001,   0.00000, 90.00000, 89.00000);
CreateDynamicObject(19439, 2045.30005, -2031.18005, 867.95001,   0.00000, 90.00000, 90.00000);
CreateDynamicObject(19370, 2045.31006, -2037.18005, 871.09998,   90.00000, 0.00000, -4.00000);
CreateDynamicObject(19370, 2045.43005, -2033.68005, 871.09998,   90.00000, 0.00000, 0.00000);
CreateDynamicObject(19370, 2045.45996, -2031.18005, 871.09998,   90.00000, 0.00000, 0.00000);
CreateDynamicObject(2000, 2041.90002, -2038.35999, 867.25000,   0.00000, 0.00000, 183.00000);
CreateDynamicObject(2007, 2041.18005, -2038.42004, 867.25000,   0.00000, 0.00000, 183.00000);
CreateDynamicObject(2606, 2045.18994, -2037.62000, 868.26001,   0.00000, 0.00000, -97.00000);
CreateDynamicObject(2606, 2045.21997, -2037.62000, 868.65997,   0.00000, 0.00000, -97.00000);
CreateDynamicObject(2604, 2043.88000, -2031.42004, 867.82001,   0.00000, 0.00000, -91.00000);
CreateDynamicObject(1806, 2042.31995, -2032.78003, 867.25000,   0.00000, 0.00000, -84.00000);
CreateDynamicObject(1806, 2042.56995, -2035.01001, 867.25000,   0.00000, 0.00000, -76.00000);
CreateDynamicObject(19456, 2021.93994, -2022.65002, 868.90002,   0.00000, 0.00000, 2.00000);
CreateDynamicObject(19456, 2018.97998, -2022.72998, 868.90002,   0.00000, 0.00000, 2.00000);
CreateDynamicObject(19456, 2016.37000, -2022.72998, 868.90002,   0.00000, 0.00000, 2.00000);
CreateDynamicObject(19456, 2013.42004, -2022.91003, 868.90002,   0.00000, 0.00000, 2.00000);
CreateDynamicObject(19393, 2020.66003, -2027.47998, 868.91998,   0.00000, 0.00000, 92.00000);
CreateDynamicObject(19393, 2017.73999, -2027.58997, 868.91998,   0.00000, 0.00000, 92.00000);
CreateDynamicObject(19393, 2014.87000, -2027.68994, 868.91998,   0.00000, 0.00000, 92.00000);
CreateDynamicObject(19393, 2011.94995, -2027.79004, 868.91998,   0.00000, 0.00000, 92.00000);
CreateDynamicObject(1800, 2030.44995, -2024.94995, 867.25000,   0.00000, 0.00000, 0.00000);
CreateDynamicObject(1800, 2027.03003, -2024.77002, 867.25000,   0.00000, 0.00000, 0.00000);
CreateDynamicObject(1800, 2023.87000, -2025.15002, 867.25000,   0.00000, 0.00000, 0.00000);
CreateDynamicObject(1800, 2021.03003, -2025.22998, 867.25000,   0.00000, 0.00000, 0.00000);
CreateDynamicObject(0, 2018.06006, -2025.71997, 867.25000,   0.00000, 0.00000, 0.00000);
CreateDynamicObject(1800, 2015.45996, -2025.53003, 867.25000,   0.00000, 0.00000, 0.00000);
CreateDynamicObject(19393, 2008.82996, -2027.95996, 868.91998,   0.00000, 0.00000, 92.00000);
CreateDynamicObject(19456, 2010.34998, -2023.09998, 868.90002,   0.00000, 0.00000, 2.00000);
CreateDynamicObject(19456, 2007.23999, -2023.19995, 868.90002,   0.00000, 0.00000, 2.00000);
CreateDynamicObject(19393, 2006.07996, -2028.06006, 868.91998,   0.00000, 0.00000, 92.00000);
CreateDynamicObject(1800, 2012.48999, -2025.56995, 867.25000,   0.00000, 0.00000, 0.00000);
CreateDynamicObject(1800, 2009.41003, -2025.56006, 867.25000,   0.00000, 0.00000, 0.00000);
CreateDynamicObject(1800, 2006.19995, -2025.70996, 867.25000,   0.00000, 0.00000, 0.00000);
CreateDynamicObject(19377, 2018.91003, -2023.72998, 870.46997,   0.00000, 90.00000, 2.00000);
CreateDynamicObject(19377, 2013.92004, -2023.56006, 870.46997,   0.00000, 90.00000, 2.00000);
CreateDynamicObject(19377, 2007.21997, -2024.15002, 870.47998,   0.00000, 90.00000, 2.00000);
CreateDynamicObject(19456, 2026.67004, -2049.04004, 868.90002,   0.00000, 0.00000, 90.00000);
CreateDynamicObject(19456, 2017.54004, -2049.04004, 868.90002,   0.00000, 0.00000, 90.00000);
CreateDynamicObject(19456, 2008.68994, -2049.04004, 868.90002,   0.00000, 0.00000, 90.00000);
CreateDynamicObject(19456, 2004.90002, -2044.53003, 868.90002,   0.00000, 0.00000, 0.00000);
CreateDynamicObject(19456, 2028.06995, -2048.30005, 868.90002,   0.00000, 0.00000, -2.00000);
CreateDynamicObject(19456, 2025.10999, -2048.37988, 868.90002,   0.00000, 0.00000, -2.00000);
CreateDynamicObject(19456, 2021.89001, -2048.37012, 868.90002,   0.00000, 0.00000, -2.00000);
CreateDynamicObject(19456, 2015.79004, -2048.32007, 868.90002,   0.00000, 0.00000, 0.00000);
CreateDynamicObject(19456, 2018.90002, -2048.37012, 868.90002,   0.00000, 0.00000, 0.00000);
CreateDynamicObject(19393, 2029.72998, -2043.56006, 868.90002,   0.00000, 0.00000, 90.00000);
CreateDynamicObject(19393, 2026.69995, -2043.58997, 868.90002,   0.00000, 0.00000, 90.00000);
CreateDynamicObject(19393, 2023.51001, -2043.62000, 868.90002,   0.00000, 0.00000, 90.00000);
CreateDynamicObject(19393, 2020.45996, -2043.62000, 868.90002,   0.00000, 0.00000, 90.00000);
CreateDynamicObject(19393, 2017.29004, -2043.57996, 868.90002,   0.00000, 0.00000, 90.00000);
CreateDynamicObject(19393, 2014.17004, -2043.58997, 868.90002,   0.00000, 0.00000, 90.00000);
CreateDynamicObject(19393, 2011.05005, -2043.58997, 868.90002,   0.00000, 0.00000, 90.00000);
CreateDynamicObject(19393, 2007.98999, -2043.59998, 868.90002,   0.00000, 0.00000, 90.00000);
CreateDynamicObject(19456, 2012.56995, -2048.33008, 868.90002,   0.00000, 0.00000, 0.00000);
CreateDynamicObject(19456, 2009.18994, -2048.36011, 868.90002,   0.00000, 0.00000, -2.00000);
CreateDynamicObject(19437, 2005.70996, -2043.62000, 868.90002,   0.00000, 0.00000, 90.00000);
CreateDynamicObject(1800, 2029.18005, -2049.70996, 867.23999,   0.00000, 0.00000, 0.00000);
CreateDynamicObject(1800, 2026.27002, -2049.69995, 867.23999,   0.00000, 0.00000, 0.00000);
CreateDynamicObject(1800, 2022.59998, -2049.93994, 867.23999,   0.00000, 0.00000, -2.00000);
CreateDynamicObject(1800, 2019.46997, -2049.89990, 867.25000,   0.00000, 0.00000, 0.00000);
CreateDynamicObject(1800, 2016.37000, -2049.87012, 867.23999,   0.00000, 0.00000, 0.00000);
CreateDynamicObject(1800, 2013.18005, -2049.77002, 867.23999,   0.00000, 0.00000, 0.00000);
CreateDynamicObject(1800, 2009.81006, -2049.86011, 867.23999,   0.00000, 0.00000, 0.00000);
CreateDynamicObject(1800, 2005.41003, -2050.02002, 867.23999,   0.00000, 0.00000, 0.00000);
CreateDynamicObject(19377, 2027.98999, -2048.29004, 870.50000,   0.00000, 90.00000, 0.00000);
CreateDynamicObject(19377, 2017.71997, -2048.39990, 870.50000,   0.00000, 90.00000, 0.00000);
CreateDynamicObject(19377, 2008.30005, -2048.51001, 870.50000,   0.00000, 90.00000, 0.00000);
CreateDynamicObject(19377, 2026.43005, -2032.62000, 870.50000,   0.00000, 90.00000, 0.00000);
CreateDynamicObject(19377, 2025.28003, -2040.09998, 870.50000,   0.00000, 90.00000, 0.00000);
CreateDynamicObject(19377, 2017.43005, -2040.01001, 870.50000,   0.00000, 90.00000, 0.00000);
CreateDynamicObject(19377, 2016.39001, -2031.39001, 870.50000,   0.00000, 90.00000, 0.00000);
CreateDynamicObject(19377, 2008.52002, -2039.98999, 870.50000,   0.00000, 90.00000, 0.00000);
CreateDynamicObject(19377, 2008.73999, -2033.21997, 870.50000,   0.00000, 90.00000, 0.00000);
CreateDynamicObject(19456, 2023.27002, -2053.25000, 868.90002,   0.00000, 0.00000, 91.00000);
CreateDynamicObject(19456, 2022.46997, -2057.78003, 868.90002,   0.00000, 0.00000, 91.00000);
CreateDynamicObject(19456, 2005.71997, -2053.61011, 868.90002,   0.00000, 0.00000, 91.00000);
CreateDynamicObject(19456, 2014.28003, -2053.41992, 868.90002,   0.00000, 0.00000, 91.00000);
CreateDynamicObject(19456, 2013.18005, -2057.86011, 868.90002,   0.00000, 0.00000, 90.00000);
CreateDynamicObject(19456, 2007.10999, -2057.87012, 868.90002,   0.00000, 0.00000, 90.00000);
CreateDynamicObject(19456, 2004.87000, -2055.53003, 868.90002,   0.00000, 0.00000, 0.00000);
CreateDynamicObject(19377, 2017.27002, -2057.55005, 870.50000,   0.00000, 90.00000, 0.00000);
CreateDynamicObject(19377, 2027.93005, -2057.38989, 870.50000,   0.00000, 90.00000, 0.00000);
CreateDynamicObject(19377, 2007.41003, -2057.31006, 870.50000,   0.00000, 90.00000, 0.00000);
CreateDynamicObject(19456, 2031.79004, -2057.62988, 868.90002,   0.00000, 0.00000, 91.00000);
CreateDynamicObject(19456, 2041.12000, -2052.69995, 868.90002,   0.00000, 0.00000, 91.00000);
CreateDynamicObject(19456, 2036.43005, -2057.50000, 868.90002,   0.00000, 0.00000, 0.00000);
CreateDynamicObject(14877, 2040.41003, -2051.66992, 868.51001,   0.00000, 0.00000, 2.00000);
CreateDynamicObject(19377, 2027.32996, -2057.60010, 870.50000,   0.00000, 90.00000, 0.00000);
CreateDynamicObject(19377, 2031.68994, -2049.79004, 870.50000,   0.00000, 90.00000, 0.00000);
CreateDynamicObject(19377, 2033.87000, -2057.59009, 870.50000,   0.00000, 90.00000, 0.00000);
CreateDynamicObject(19456, 2041.05005, -2052.76001, 872.00000,   0.00000, 0.00000, 91.00000);
CreateDynamicObject(19456, 2045.09998, -2054.67993, 872.00000,   0.00000, 0.00000, 0.00000);
CreateDynamicObject(19377, 2041.28003, -2048.94995, 873.60999,   0.00000, 90.00000, 0.00000);
CreateDynamicObject(19456, 2037.71997, -2050.28003, 872.15997,   0.00000, 0.00000, 92.00000);
CreateDynamicObject(19456, 2036.72998, -2052.21997, 872.15997,   0.00000, 0.00000, 0.00000);
CreateDynamicObject(19456, 2036.76001, -2043.76001, 872.15997,   0.00000, 0.00000, 0.00000);
CreateDynamicObject(19456, 2036.75000, -2034.51001, 872.15997,   0.00000, 0.00000, 0.00000);
CreateDynamicObject(19456, 2044.72998, -2034.68994, 872.15997,   0.00000, 0.00000, 0.00000);
CreateDynamicObject(19456, 2040.64001, -2030.23999, 872.15997,   0.00000, 0.00000, 89.00000);
CreateDynamicObject(19456, 2049.48999, -2039.55005, 872.15997,   0.00000, 0.00000, 89.00000);
CreateDynamicObject(19456, 2054.03003, -2050.72998, 872.15997,   0.00000, 0.00000, 0.00000);
CreateDynamicObject(19456, 2054.04004, -2044.31995, 872.15997,   0.00000, 0.00000, 0.00000);
CreateDynamicObject(19456, 2049.83008, -2049.66992, 872.15997,   0.00000, 0.00000, 92.00000);
CreateDynamicObject(19377, 2041.37000, -2040.38000, 873.60999,   0.00000, 90.00000, 0.00000);
CreateDynamicObject(19377, 2050.11011, -2044.87000, 873.60999,   0.00000, 90.00000, 0.00000);
CreateDynamicObject(19377, 2041.27002, -2033.47998, 873.60999,   0.00000, 90.00000, 0.00000);
CreateDynamicObject(19377, 2049.85010, -2040.26001, 873.60999,   0.00000, 90.00000, 0.00000);
CreateDynamicObject(1569, 2005.00000, -2056.42993, 867.20001,   0.00000, 0.00000, 90.00000);
CreateDynamicObject(2964, 2042.29004, -2039.64001, 870.64001,   0.00000, 0.00000, 0.00000);
CreateDynamicObject(2964, 2039.18994, -2039.90002, 870.64001,   0.00000, 0.00000, 0.00000);
CreateDynamicObject(2137, 2044.00000, -2030.82996, 870.65997,   0.00000, 0.00000, 0.00000);
CreateDynamicObject(2137, 2043.03003, -2030.81995, 870.65997,   0.00000, 0.00000, 0.00000);
CreateDynamicObject(2137, 2042.08997, -2030.85999, 870.65997,   0.00000, 0.00000, 0.00000);
CreateDynamicObject(2357, 2040.41003, -2033.78003, 871.02002,   0.00000, 0.00000, 0.00000);
CreateDynamicObject(2120, 2041.65002, -2032.58997, 871.27002,   0.00000, 0.00000, 90.00000);
CreateDynamicObject(2120, 2040.40002, -2032.56006, 871.27002,   0.00000, 0.00000, 90.00000);
CreateDynamicObject(2120, 2039.13000, -2032.55005, 871.27002,   0.00000, 0.00000, 90.00000);
CreateDynamicObject(2120, 2041.66003, -2034.91003, 871.27002,   0.00000, 0.00000, -90.00000);
CreateDynamicObject(2120, 2040.62000, -2034.84998, 871.27002,   0.00000, 0.00000, 280.00000);
CreateDynamicObject(2120, 2039.41003, -2034.84998, 871.27002,   0.00000, 0.00000, 270.00000);
CreateDynamicObject(2315, 2038.56006, -2048.40991, 870.69000,   0.00000, 0.00000, 2.00000);
CreateDynamicObject(2290, 2040.27002, -2049.68994, 870.70001,   0.00000, 0.00000, 181.00000);
CreateDynamicObject(2290, 2038.17004, -2047.01001, 870.71997,   0.00000, 0.00000, 0.00000);
CreateDynamicObject(2186, 2052.45996, -2040.22998, 870.51001,   0.00000, 0.00000, 0.00000);
CreateDynamicObject(2611, 2049.86011, -2039.69995, 871.90997,   0.00000, 0.00000, 0.00000);
CreateDynamicObject(2607, 2051.92993, -2043.22998, 870.79999,   0.00000, 0.00000, 273.00000);
CreateDynamicObject(2607, 2051.94995, -2045.40002, 870.79999,   0.00000, 0.00000, 272.00000);
CreateDynamicObject(2008, 2045.32996, -2023.55005, 867.25000,   0.00000, 0.00000, -178.00000);
CreateDynamicObject(2608, 2048.81006, -2025.08997, 867.83002,   0.00000, 0.00000, -86.00000);
CreateDynamicObject(2608, 2048.72998, -2023.25000, 867.83002,   0.00000, 0.00000, -90.00000);
CreateDynamicObject(2186, 2047.09998, -2021.69995, 867.25000,   0.00000, 0.00000, 0.00000);
CreateDynamicObject(2700, 2040.94995, -2029.07996, 870.12000,   0.00000, 28.00000, 55.00000);
CreateDynamicObject(2704, 2056.32007, -2021.27002, 869.08002,   0.00000, 0.00000, 94.00000);
CreateDynamicObject(2704, 2056.14990, -2022.45996, 869.03998,   0.00000, 0.00000, 94.00000);
CreateDynamicObject(2689, 2056.42993, -2023.59998, 868.28003,   0.00000, 0.00000, 94.00000);
CreateDynamicObject(2632, 2043.57996, -2048.80005, 870.62000,   0.00000, 0.00000, 4.00000);
CreateDynamicObject(2672, 2043.84998, -2032.20996, 870.90002,   0.00000, 0.00000, 0.00000);
CreateDynamicObject(1715, 2053.43994, -2045.64001, 870.48999,   0.00000, 0.00000, -105.00000);
CreateDynamicObject(1715, 2053.17993, -2043.05005, 870.46997,   0.00000, 0.00000, -69.00000);
CreateDynamicObject(1886, 2031.12000, -2027.68005, 870.40002,   12.00000, 2.00000, -47.00000);
CreateDynamicObject(1886, 2005.15002, -2028.43005, 870.40002,   8.00000, 0.00000, 40.00000);
CreateDynamicObject(1886, 2005.43994, -2042.96997, 870.40002,   15.00000, -2.00000, 142.00000);
CreateDynamicObject(1886, 2030.71997, -2043.04004, 870.40002,   11.00000, 4.00000, 229.00000);
CreateDynamicObject(1778, 2019.68994, -2057.25000, 867.25000,   0.00000, 0.00000, 0.00000);
CreateDynamicObject(1778, 2036.06006, -2041.31995, 867.25000,   0.00000, 0.00000, 0.00000);
CreateDynamicObject(1738, 2047.00000, -2039.62000, 870.90997,   0.00000, 0.00000, 0.00000);
CreateDynamicObject(2002, 2037.31006, -2043.56006, 870.71002,   -2.00000, 0.00000, -274.00000);
CreateDynamicObject(643, 2043.29004, -2044.14001, 871.04999,   0.00000, 0.00000, 0.00000);
CreateDynamicObject(1432, 2029.56995, -2051.45996, 867.34998,   0.00000, 0.00000, 0.00000);
CreateDynamicObject(14782, 2052.10010, -2021.45996, 868.15002,   0.00000, 0.00000, 0.00000);
CreateDynamicObject(14782, 2049.44995, -2022.81995, 868.15002,   0.00000, 0.00000, 90.00000);
CreateDynamicObject(14401, 2053.00000, -2024.94995, 867.48999,   0.00000, 0.00000, 0.00000);